0.2800000 0.004369 -0.004602
0.3600000 0.006697 -0.007636
0.3800000 0.007029 -0.007838
0.4000000 0.007291 -0.008005
0.4100000 0.007397 -0.008080
0.4150000 0.007444 -0.008117
0.4200000 0.007487 -0.008152
0.4300000 0.007563 -0.008222
0.4380000 0.007613 -0.008277
0.4400000 0.007624 -0.008291
0.4600000 0.007702 -0.008429
0.4700000 0.007719 -0.008501
0.4830000 0.007720 -0.008599
0.5400000 0.007406 -0.009150
0.5800000 0.006823 -0.009772
0.6024000 0.006336 -0.010281
0.6105000 0.006127 -0.010507
0.6200000 0.005860 -0.010808
0.6205000 0.005845 -0.010825
0.6305000 0.005535 -0.011195
0.6400000 0.005215 -0.011603
0.6405100 0.005197 -0.011627
0.6426000 0.005123 -0.011726
0.6504900 0.004834 -0.012132
0.6600000 0.004467 -0.012696
0.6605000 0.004448 -0.012728
0.6626000 0.004364 -0.012866
0.6705000 0.004046 -0.013432
0.6776000 0.003759 -0.014009
0.6805900 0.003639 -0.014274
0.6876000 0.003363 -0.014948
0.6904300 0.003257 -0.015244
0.6976000 0.003003 -0.016057
0.7000000 0.002926 -0.016351
0.7005200 0.002910 -0.016416
0.7050000 0.002781 -0.016999
0.7076000 0.002716 -0.017357
0.7104700 0.002653 -0.017767
0.7176000 0.002549 -0.018860
0.7202500 0.002532 -0.019292
0.7276000 0.002560 -0.020562
0.7302400 0.002599 -0.021041
0.7376000 0.002793 -0.022427
0.7400000 0.002882 -0.022892
0.7402000 0.002890 -0.022931
0.7476000 0.003224 -0.024390
0.7502000 0.003348 -0.024909
0.7502800 0.003351 -0.024925
0.7576000 0.003611 -0.026424
0.7580000 0.003617 -0.026509
0.7600000 0.003622 -0.026946
0.7601800 0.003620 -0.026986
0.7641700 0.003447 -0.027960
0.7676000 0.002989 -0.029028
0.7700000 0.002394 -0.030059
0.7701100 0.002359 -0.030115
0.7714000 0.001902 -0.030861
0.7726000 0.001380 -0.031737
0.7732000 0.001083 -0.032264
0.7736000 0.000872 -0.032657
0.7740000 0.000652 -0.033088
0.7743800 0.000434 -0.033537
0.7756000 -0.000293 -0.035305
0.7776000 -0.001229 -0.039774
0.7777000 -0.001247 -0.040066
0.7780000 -0.001269 -0.040989
0.7781700 -0.001257 -0.041543
0.7782000 -0.001253 -0.041643
0.7796000 -0.000038 -0.047084
0.7800000 0.000834 -0.048851
0.7801000 0.001100 -0.049298
0.7801700 0.001299 -0.049612
0.7816000 0.007784 -0.055261
0.7820000 0.010363 -0.056205
0.7822300 0.011942 -0.056545
0.7826000 0.014557 -0.056744
0.7832000 0.018735 -0.056143
0.7836000 0.021287 -0.055166
0.7840000 0.023534 -0.053830
0.7842400 0.024713 -0.052901
0.7851000 0.027843 -0.049183
0.7856000 0.028950 -0.046987
0.7860000 0.029531 -0.045310
0.7860400 0.029576 -0.045148
0.7876000 0.030100 -0.039769
0.7892000 0.029410 -0.036059
0.7896000 0.029180 -0.035354
0.7900000 0.028944 -0.034719
0.7901000 0.028885 -0.034570
0.7903000 0.028767 -0.034284
0.7916000 0.028033 -0.032730
0.7932000 0.027260 -0.031355
0.7940000 0.026936 -0.030819
0.7941400 0.026883 -0.030733
0.7967000 0.026114 -0.029468
0.7976000 0.025920 -0.029123
0.8000000 0.025548 -0.028354
0.8000200 0.025545 -0.028348
0.8026000 0.025325 -0.027676
0.8100000 0.025251 -0.026115
0.8300000 0.025944 -0.022497
0.8500000 0.026086 -0.019366
0.8700000 0.025622 -0.016903
0.8900000 0.024824 -0.015065
0.9100000 0.023846 -0.013712
0.9300000 0.022704 -0.012720
0.9500000 0.021283 -0.012001
0.9700000 0.019194 -0.011530
0.9900000 0.014970 -0.011506
0.9976000 0.011581 -0.011907
1.0020000 0.008374 -0.012516
1.0066000 0.002875 -0.014016
1.0086200 -0.000859 -0.015358
1.0110000 -0.007191 -0.018271
1.0138800 -0.019995 -0.027124
1.0167300 -0.040180 -0.060213
1.0172600 -0.042178 -0.074126
1.0176500 -0.041393 -0.086915
1.0179300 -0.038841 -0.097349
1.0179800 -0.038159 -0.099298
1.0183200 -0.031270 -0.112914
1.0188100 -0.013262 -0.131141
1.0190700 0.000187 -0.138162
1.0194700 0.024199 -0.142540
1.0196000 0.032235 -0.142005
1.0196400 0.034673 -0.141646
1.0200000 0.055105 -0.134675
1.0217600 0.089746 -0.071536
1.0220701 0.088617 -0.063332
1.0280000 0.054904 -0.018021
1.0500000 0.032761 -0.010605
1.0700001 0.028926 -0.009996
1.0900000 0.027161 -0.009717
1.1100000 0.026115 -0.009532
1.1300000 0.025408 -0.009393
1.1500000 0.024891 -0.009282
1.1700000 0.024492 -0.009191
1.1900001 0.024174 -0.009116
1.2100000 0.023913 -0.009055
1.2300000 0.023694 -0.009005
1.2500000 0.023507 -0.008966
1.2700000 0.023346 -0.008937
1.2900000 0.023206 -0.008919
1.3099999 0.023083 -0.008911
1.3300000 0.022978 -0.008916
1.3500000 0.022891 -0.008934
1.3700000 0.022826 -0.008964
1.3900000 0.022789 -0.009000
1.4500000 0.022807 -0.009026
1.4630001 0.022811 -0.009009
1.4640000 0.022811 -0.009007
1.4880000 0.022801 -0.008973
1.4910001 0.022798 -0.008969
1.5000000 0.022789 -0.008959
1.5060000 0.022782 -0.008953
1.5120000 0.022774 -0.008948
1.5250000 0.022756 -0.008941
1.5300000 0.022748 -0.008940
1.5380000 0.022736 -0.008940
1.5390000 0.022734 -0.008940
1.5500000 0.022717 -0.008945
1.5599999 0.022702 -0.008954
1.5630000 0.022698 -0.008957
1.5750000 0.022681 -0.008975
1.5870000 0.022668 -0.009001
1.5880001 0.022667 -0.009003
1.6100000 0.022658 -0.009071
1.6130000 0.022659 -0.009082
1.6370000 0.022696 -0.009183
1.6380000 0.022699 -0.009187
1.6500000 0.022743 -0.009240
1.6630000 0.022812 -0.009290
1.6870000 0.022987 -0.009329
1.6880000 0.022995 -0.009329
1.7130001 0.023180 -0.009270
1.7620000 0.023376 -0.009012
1.7640001 0.023380 -0.009001
1.7880000 0.023398 -0.008877
1.7900000 0.023398 -0.008868
1.8120000 0.023389 -0.008772
1.8200001 0.023383 -0.008741
1.8340000 0.023367 -0.008692
1.8590000 0.023332 -0.008618
1.8860000 0.023289 -0.008556
1.9000000 0.023264 -0.008528
1.9200000 0.023227 -0.008494
1.9400001 0.023186 -0.008466
1.9600000 0.023139 -0.008441
1.9800000 0.023081 -0.008419
2.0000000 0.022943 -0.008400
2.0500000 0.022949 -0.008572
2.0999999 0.022952 -0.008621
2.1500001 0.022951 -0.008651
2.1750000 0.022948 -0.008663
2.2000000 0.022943 -0.008674
2.2323999 0.022934 -0.008685
2.2500000 0.022927 -0.008691
2.3000000 0.022900 -0.008705
2.3094001 0.022894 -0.008707
2.3499999 0.022860 -0.008717
2.3864000 0.022821 -0.008724
2.3959999 0.022809 -0.008725
2.4000001 0.022804 -0.008726
2.4500000 0.022728 -0.008734
2.5000000 0.022627 -0.008741
2.5500000 0.022495 -0.008747
2.5999999 0.022324 -0.008752
2.6443999 0.022129 -0.008756
2.6464000 0.022119 -0.008756
2.7000000 0.021808 -0.008761
2.7500000 0.021417 -0.008764
2.8000000 0.020879 -0.008767
2.8499999 0.020110 -0.008770
2.9000001 0.018937 -0.008773
2.9500000 0.016955 -0.008777
3.0000000 0.012929 -0.008782
3.0200000 0.009856 -0.008786
3.0500000 0.000350 -0.008803
3.0550001 -0.002555 -0.008809
3.0599999 -0.006246 -0.008818
3.0650001 -0.011092 -0.008831
3.0699999 -0.017736 -0.008852
3.0750000 -0.027411 -0.008889
3.0799999 -0.042802 -0.008964
3.0829999 -0.057343 -0.009053
3.0850000 -0.071105 -0.009152
3.0869999 -0.090415 -0.009318
3.0890000 -0.119483 -0.009624
3.0899999 -0.140318 -0.009886
3.0910001 -0.168203 -0.010292
3.0920000 -0.207420 -0.010970
3.0929999 -0.266657 -0.012231
3.0940001 -0.366526 -0.015006
3.0945001 -0.447419 -0.017850
3.0950000 -0.570470 -0.023199
3.0952001 -0.639747 -0.026756
3.0955501 -0.809632 -0.037139
3.0957999 -0.995822 -0.051237
3.0960000 -1.217621 -0.071755
3.0960500 -1.289046 -0.079228
3.0963500 -1.977468 -0.173055
3.0964999 -2.683723 -0.311120
3.0965500 -3.043204 -0.398108
3.0966001 -3.510254 -0.528487
3.0966499 -4.136183 -0.735087
3.0966599 -4.288724 -0.791161
3.0966649 -4.369107 -0.821636
3.0966699 -4.452422 -0.853905
3.0966749 -4.538825 -0.888110
3.0966780 -4.593933 -0.910322
3.0966799 -4.628483 -0.924407
3.0966849 -4.721571 -0.962966
3.0966899 -4.818280 -1.003978
3.0966949 -4.918811 -1.047651
3.0967000 -5.023380 -1.094217
3.0967550 -6.519096 -1.897385
3.0967679 -6.990220 -2.209416
3.0967751 -7.278185 -2.416051
3.0967851 -7.716335 -2.755701
3.0967951 -8.198897 -3.168690
3.0968499 -11.532569 -8.137122
3.0968750 -12.161010 -13.810981
3.0969000 -7.528803 -21.971393
3.0969050 -5.468579 -23.272020
3.0969100 -3.076439 -24.171103
3.0969150 -0.479972 -24.558690
3.0969181 1.156220 -24.516788
3.0969210 2.640996 -24.287058
3.0969250 4.638931 -23.669084
3.0969300 6.837051 -22.506061
3.0969601 12.288134 -12.924105
3.0969701 12.162551 -10.426687
3.0969801 11.692204 -8.459436
3.0969820 11.581606 -8.137584
3.0970099 9.783085 -4.834355
3.0970199 9.172652 -4.096733
3.0970399 8.093753 -3.032144
3.0970600 7.200153 -2.323436
3.0971000 5.851638 -1.479409
3.0971999 3.937513 -0.648918
3.0972500 3.375214 -0.474772
3.0973001 2.951987 -0.362845
3.0973499 2.623933 -0.287069
3.0974000 2.360230 -0.232972
3.0975499 1.814545 -0.139956
3.0976000 1.684779 -0.121543
3.0976501 1.572486 -0.106746
3.0976801 1.512091 -0.099224
3.0976901 1.492989 -0.096908
3.0977001 1.474370 -0.094679
3.0977600 1.372222 -0.082967
3.0978000 1.311509 -0.076416
3.0978501 1.242883 -0.069378
3.0978551 1.236420 -0.068736
3.0978601 1.230025 -0.068103
3.0978701 1.217435 -0.066868
3.0978830 1.201628 -0.065335
3.0979099 1.169866 -0.062318
3.0979199 1.158493 -0.061258
3.0979300 1.147342 -0.060229
3.0979500 1.125686 -0.058259
3.0979700 1.104847 -0.056401
3.0979800 1.094720 -0.055511
3.0979879 1.086895 -0.054829
3.0979929 1.081975 -0.054402
3.0979950 1.079880 -0.054221
3.0980000 1.075024 -0.053803
3.0980101 1.065445 -0.052985
3.0980129 1.062741 -0.052755
3.0980179 1.058041 -0.052357
3.0980201 1.056039 -0.052188
3.0980279 1.048767 -0.051577
3.0980330 1.044192 -0.051195
3.0980380 1.039658 -0.050818
3.0980411 1.036871 -0.050587
3.0980480 1.030710 -0.050079
3.0980530 1.026294 -0.049717
3.0980599 1.020260 -0.049224
3.0980699 1.011648 -0.048527
3.0980799 1.003184 -0.047847
3.0980899 0.994863 -0.047185
3.0980999 0.986683 -0.046539
3.0981400 0.955293 -0.044112
3.0981700 0.933061 -0.042442
3.0982001 0.911865 -0.040888
3.0982499 0.878804 -0.038538
3.0982800 0.860035 -0.037243
3.0982900 0.853961 -0.036830
3.0983000 0.847974 -0.036426
3.0984001 0.792535 -0.032826
3.0984499 0.767636 -0.031291
3.0985000 0.744193 -0.029892
3.0987000 0.663629 -0.025428
3.0989499 0.585216 -0.021592
3.0990000 0.571762 -0.020984
3.0991001 0.546700 -0.019892
3.0992000 0.523885 -0.018942
3.0992999 0.502980 -0.018109
3.0994999 0.465973 -0.016721
3.0999999 0.394456 -0.014357
3.1050000 0.165726 -0.009594
3.1099999 0.111796 -0.009092
3.1120000 0.100232 -0.009016
3.1175001 0.080017 -0.008908
3.1199999 0.074012 -0.008882
3.1125000 0.097805 -0.009001
3.1300001 0.059060 -0.008831
3.1400001 0.051042 -0.008812
3.1500001 0.046038 -0.008802
3.1600001 0.042615 -0.008797
3.1700001 0.040123 -0.008794
3.1800001 0.038225 -0.008792
3.1900001 0.036730 -0.008791
3.2000000 0.035521 -0.008791
3.2249999 0.033303 -0.008790
3.2500000 0.031782 -0.008790
3.3000000 0.029781 -0.008792
3.3499999 0.028448 -0.008795
3.4000001 0.027397 -0.008799
3.4500000 0.026422 -0.008805
3.5000000 0.025338 -0.008812
3.5100000 0.025085 -0.008814
3.5150001 0.024951 -0.008815
3.5200000 0.024810 -0.008816
3.5250001 0.024663 -0.008817
3.5300000 0.024508 -0.008818
3.5350001 0.024342 -0.008820
3.5400000 0.024164 -0.008821
3.5423999 0.024073 -0.008821
3.5500000 0.023741 -0.008824
3.5538001 0.023466 -0.008859
3.5611000 0.023239 -0.009063
3.5999999 0.021484 -0.009424
3.6001999 0.021471 -0.009425
3.6099999 0.020771 -0.009487
3.6150000 0.020344 -0.009518
3.6250000 0.019291 -0.009577
3.6329999 0.018175 -0.009624
3.6500001 0.014216 -0.009734
3.6600001 0.009531 -0.009826
3.6650000 0.005545 -0.009898
3.6700001 -0.000897 -0.010021
3.6750000 -0.013104 -0.010306
3.6754999 -0.014956 -0.010357
3.6770000 -0.021727 -0.010558
3.6789999 -0.035185 -0.011041
3.6800001 -0.045212 -0.011474
3.6805000 -0.051562 -0.011782
3.6810000 -0.059150 -0.012183
3.6819999 -0.079846 -0.013465
3.6830001 -0.113792 -0.016166
3.6840000 -0.179578 -0.023543
3.6849999 -0.360345 -0.058752
3.6854999 -0.652261 -0.166039
3.6856000 -0.768197 -0.228644
3.6856999 -0.925006 -0.335664
3.6857500 -1.024441 -0.419779
3.6858001 -1.140306 -0.538516
3.6858499 -1.270926 -0.710340
3.6859000 -1.407350 -0.968559
3.6859250 -1.467882 -1.144243
3.6859500 -1.511847 -1.360362
3.6859550 -1.517407 -1.409033
3.6860001 -1.479260 -1.933883
3.6860499 -1.095397 -2.631900
3.6860600 -0.954855 -2.761911
3.6860690 -0.808340 -2.867927
3.6861000 -0.194094 -3.095777
3.6861501 0.843618 -2.878400
3.6861999 1.433896 -2.210817
3.6862500 1.576745 -1.566823
3.6863000 1.508687 -1.106257
3.6863501 1.378035 -0.801156
3.6863551 1.364222 -0.777073
3.6863599 1.351074 -0.755038
3.6863699 1.323577 -0.711459
3.6863799 1.296361 -0.671260
3.6863899 1.269547 -0.634139
3.6863999 1.243226 -0.599822
3.6864409 1.141725 -0.483621
3.6864150 1.204813 -0.553063
3.6864200 1.192317 -0.538624
3.6864250 1.179981 -0.524715
3.6864300 1.167808 -0.511313
3.6864350 1.155801 -0.498396
3.6864400 1.143961 -0.485942
3.6864419 1.139495 -0.481315
3.6864450 1.132289 -0.473931
3.6864500 1.120786 -0.462343
3.6864550 1.109452 -0.451161
3.6864700 1.076459 -0.419873
3.6865001 1.014916 -0.366128
3.6865499 0.924960 -0.297040
3.6865549 0.916689 -0.291196
3.6865649 0.900536 -0.280014
3.6865749 0.884888 -0.269467
3.6865799 0.877247 -0.264416
3.6865900 0.862320 -0.254736
3.6865950 0.855030 -0.250096
3.6866000 0.847852 -0.245582
3.6866250 0.813579 -0.224774
3.6866350 0.800584 -0.217197
3.6866500 0.781811 -0.206547
3.6866601 0.769753 -0.199886
3.6866701 0.758044 -0.193551
3.6866801 0.746671 -0.187522
3.6866901 0.735621 -0.181779
3.6866951 0.730214 -0.179009
3.6867001 0.724883 -0.176305
3.6867099 0.714688 -0.171205
3.6867199 0.704530 -0.166216
3.6867349 0.689810 -0.159148
3.6867499 0.675679 -0.152542
3.6868000 0.632437 -0.133385
3.6868999 0.560786 -0.105020
3.6869500 0.530699 -0.094316
3.6870000 0.503729 -0.085309
3.6872001 0.419250 -0.060579
3.6873500 0.372979 -0.049205
3.6875000 0.336346 -0.041260
3.6875999 0.315916 -0.037230
3.6877000 0.297950 -0.033921
3.6877999 0.282101 -0.031183
3.6879001 0.267954 -0.028881
3.6880000 0.255309 -0.026938
3.6882999 0.224178 -0.022606
3.6884999 0.207708 -0.020574
3.6889999 0.176430 -0.017207
3.6895001 0.154311 -0.015214
3.6900001 0.137859 -0.013938
3.6910000 0.115015 -0.012461
3.6925001 0.094119 -0.011410
3.6949999 0.074938 -0.010700
3.6980000 0.062544 -0.010377
3.7000000 0.057246 -0.010275
3.7200000 0.038442 -0.010185
3.7300000 0.035301 -0.010308
3.7400000 0.033175 -0.010539
3.7500000 0.031541 -0.011006
3.7600000 0.030334 -0.012059
3.7650001 0.030172 -0.012939
3.7655001 0.030189 -0.013035
3.7700000 0.030697 -0.013802
3.7704999 0.030791 -0.013861
3.7709999 0.030891 -0.013911
3.7715001 0.030996 -0.013953
3.7715499 0.031007 -0.013956
3.7716000 0.031018 -0.013960
3.7716501 0.031029 -0.013963
3.7716999 0.031040 -0.013967
3.7717500 0.031051 -0.013970
3.7718000 0.031062 -0.013973
3.7720001 0.031106 -0.013984
3.7725000 0.031218 -0.014006
3.7727001 0.031264 -0.014012
3.7727499 0.031275 -0.014013
3.7728000 0.031287 -0.014014
3.7728500 0.031298 -0.014015
3.7729001 0.031310 -0.014015
3.7730000 0.031333 -0.014017
3.7732501 0.031390 -0.014018
3.7735000 0.031448 -0.014017
3.7736001 0.031471 -0.014016
3.7737000 0.031494 -0.014014
3.7737999 0.031517 -0.014012
3.7739000 0.031540 -0.014010
3.7739999 0.031563 -0.014007
3.7744999 0.031676 -0.013986
3.7746000 0.031698 -0.013980
3.7746999 0.031721 -0.013975
3.7748001 0.031743 -0.013968
3.7749000 0.031765 -0.013962
3.7750001 0.031787 -0.013955
3.7755001 0.031894 -0.013914
3.7755499 0.031904 -0.013910
3.7756000 0.031914 -0.013905
3.7757001 0.031935 -0.013895
3.7758000 0.031956 -0.013886
3.7758501 0.031966 -0.013880
3.7758999 0.031976 -0.013875
3.7760000 0.031996 -0.013865
3.7762001 0.032035 -0.013843
3.7764001 0.032074 -0.013819
3.7765999 0.032111 -0.013795
3.7767999 0.032148 -0.013769
3.7768500 0.032157 -0.013762
3.7769001 0.032166 -0.013755
3.7769499 0.032174 -0.013749
3.7769549 0.032175 -0.013748
3.7769899 0.032181 -0.013743
3.7700000 0.030697 -0.013802
3.7709999 0.030891 -0.013911
3.7725000 0.031218 -0.014006
3.7744999 0.031676 -0.013986
3.7760000 0.031996 -0.013865
3.7770000 0.032183 -0.013742
3.7774999 0.032267 -0.013670
3.7775500 0.032275 -0.013663
3.7780001 0.032344 -0.013593
3.7785001 0.032414 -0.013511
3.7790000 0.032476 -0.013425
3.7800000 0.032577 -0.013246
3.7809999 0.032650 -0.013061
3.7820001 0.032696 -0.012875
3.7830000 0.032718 -0.012693
3.7839999 0.032719 -0.012519
3.7850001 0.032702 -0.012352
3.7860000 0.032671 -0.012196
3.7869999 0.032628 -0.012050
3.7880001 0.032576 -0.011915
3.7890000 0.032516 -0.011791
3.7900000 0.032451 -0.011676
3.8000000 0.031710 -0.010947
3.8099999 0.031054 -0.010640
3.8199999 0.030525 -0.010501
3.8299999 0.030090 -0.010437
3.8450000 0.029559 -0.010405
3.8499999 0.029405 -0.010405
3.8550000 0.029259 -0.010407
3.8599999 0.029121 -0.010413
3.8650000 0.028989 -0.010420
3.8699999 0.028863 -0.010430
3.8750000 0.028741 -0.010442
3.8800001 0.028623 -0.010455
3.8850000 0.028508 -0.010470
3.8900001 0.028395 -0.010487
3.8950000 0.028284 -0.010506
3.9000001 0.028175 -0.010526
3.9050000 0.028066 -0.010548
3.9100001 0.027958 -0.010573
3.9150000 0.027849 -0.010599
3.9200001 0.027739 -0.010629
3.9250000 0.027628 -0.010661
3.9300001 0.027515 -0.010697
3.9349999 0.027400 -0.010736
3.9400001 0.027281 -0.010780
3.9449999 0.027159 -0.010830
3.9500000 0.027032 -0.010886
3.9549999 0.026899 -0.010949
3.9600000 0.026760 -0.011022
3.9649999 0.026614 -0.011107
3.9700000 0.026460 -0.011205
3.9749999 0.026297 -0.011321
3.9800000 0.026125 -0.011459
3.9849999 0.025944 -0.011626
3.9900000 0.025754 -0.011827
3.9949999 0.025560 -0.012075
4.0000000 0.025367 -0.012382
4.0050001 0.025188 -0.012763
4.0100002 0.025046 -0.013236
4.0120001 0.025007 -0.013455
4.0139999 0.024984 -0.013691
4.0149999 0.024979 -0.013816
4.0159998 0.024980 -0.013945
4.0180001 0.025000 -0.014216
4.0190001 0.025020 -0.014358
4.0200000 0.025048 -0.014503
4.0250001 0.025334 -0.015262
4.0300002 0.025910 -0.015995
4.0349998 0.026786 -0.016534
4.0359998 0.026989 -0.016602
4.0370002 0.027199 -0.016655
4.0380001 0.027412 -0.016690
4.0384998 0.027520 -0.016702
4.0390000 0.027628 -0.016709
4.0439501 0.028660 -0.016551
4.0400000 0.027844 -0.016710
4.0405002 0.027951 -0.016704
4.0409999 0.028058 -0.016694
4.0419998 0.028268 -0.016661
4.0425000 0.028371 -0.016638
4.0430002 0.028473 -0.016611
4.0434999 0.028572 -0.016581
4.0440001 0.028670 -0.016547
4.0444999 0.028765 -0.016510
4.0454998 0.028949 -0.016425
4.0458002 0.029002 -0.016397
4.0465002 0.029122 -0.016328
4.0475001 0.029283 -0.016221
4.0500002 0.029633 -0.015918
4.0504999 0.029693 -0.015853
4.0510001 0.029750 -0.015787
4.0514998 0.029804 -0.015720
4.0549998 0.030096 -0.015238
4.0599999 0.030289 -0.014576
4.0650001 0.030291 -0.014007
4.0700002 0.030178 -0.013551
4.0749998 0.030001 -0.013203
4.0799999 0.029794 -0.012949
4.0850000 0.029574 -0.012774
4.0900002 0.029354 -0.012664
4.0949998 0.029140 -0.012612
4.0999999 0.028935 -0.012610
4.1050000 0.028743 -0.012655
4.1100001 0.028569 -0.012745
4.1149998 0.028417 -0.012880
4.1199999 0.028295 -0.013060
4.1250000 0.028214 -0.013283
4.1300001 0.028186 -0.013545
4.1350002 0.028229 -0.013839
4.1399999 0.028359 -0.014146
4.1450000 0.028587 -0.014438
4.1500001 0.028914 -0.014680
4.1550002 0.029324 -0.014832
4.1589999 0.029686 -0.014868
4.1599998 0.029778 -0.014864
4.1605000 0.029824 -0.014860
4.1609998 0.029870 -0.014855
4.1650000 0.030229 -0.014768
4.1700001 0.030630 -0.014558
4.1750002 0.030949 -0.014268
4.1799998 0.031175 -0.013935
4.1849999 0.031313 -0.013593
4.1900001 0.031377 -0.013265
4.1950002 0.031384 -0.012964
4.1999998 0.031349 -0.012695
4.2024999 0.031321 -0.012574
4.2049999 0.031287 -0.012460
4.2059999 0.031272 -0.012417
4.2069998 0.031256 -0.012375
4.2080002 0.031240 -0.012335
4.2090001 0.031223 -0.012295
4.2100000 0.031206 -0.012257
4.2150002 0.031114 -0.012083
4.2199998 0.031017 -0.011933
4.2249999 0.030916 -0.011805
4.2300000 0.030816 -0.011695
4.2350001 0.030717 -0.011600
4.2399998 0.030620 -0.011520
4.2449999 0.030525 -0.011450
4.2500000 0.030433 -0.011390
4.2550001 0.030343 -0.011339
4.2600002 0.030257 -0.011295
4.2649999 0.030172 -0.011257
4.2700000 0.030090 -0.011225
4.2750001 0.030010 -0.011198
4.2800002 0.029931 -0.011175
4.2849998 0.029853 -0.011156
4.2900000 0.029777 -0.011142
4.2950001 0.029700 -0.011131
4.3000002 0.029624 -0.011123
4.3049998 0.029548 -0.011120
4.3099999 0.029471 -0.011119
4.3150001 0.029392 -0.011123
4.3200002 0.029312 -0.011130
4.3249998 0.029229 -0.011142
4.3299999 0.029144 -0.011159
4.3400002 0.028960 -0.011212
4.3499999 0.028755 -0.011298
4.3550000 0.028642 -0.011360
4.3600001 0.028520 -0.011438
4.3604999 0.028507 -0.011447
4.3610001 0.028494 -0.011456
4.3629999 0.028442 -0.011495
4.3649998 0.028389 -0.011537
4.3699999 0.028248 -0.011666
4.3750000 0.028100 -0.011833
4.3800001 0.027947 -0.012052
4.3850002 0.027802 -0.012341
4.3899999 0.027687 -0.012722
4.3950000 0.027646 -0.013216
4.4000001 0.027755 -0.013827
4.4099998 0.028827 -0.015071
4.4109998 0.029006 -0.015153
4.4120002 0.029195 -0.015219
4.4124999 0.029293 -0.015245
4.4130001 0.029392 -0.015267
4.4140000 0.029594 -0.015298
4.4150000 0.029800 -0.015309
4.4159999 0.030005 -0.015301
4.4169998 0.030208 -0.015274
4.4180002 0.030407 -0.015229
4.4190001 0.030598 -0.015166
4.4200001 0.030779 -0.015087
4.4250002 0.031498 -0.014523
4.4299998 0.031881 -0.013852
4.4349999 0.032005 -0.013237
4.4400001 0.031976 -0.012736
4.4450002 0.031873 -0.012349
4.4499998 0.031739 -0.012053
4.4549999 0.031598 -0.011828
4.4600000 0.031462 -0.011654
4.4650002 0.031335 -0.011519
4.4699998 0.031218 -0.011413
4.4749999 0.031112 -0.011328
4.4800000 0.031016 -0.011259
4.4850001 0.030929 -0.011203
4.4899998 0.030849 -0.011157
4.4949999 0.030777 -0.011119
4.5000000 0.030711 -0.011086
4.5100002 0.030595 -0.011036
4.5149999 0.030544 -0.011016
4.5200000 0.030497 -0.010998
4.5250001 0.030453 -0.010984
4.5300002 0.030413 -0.010971
4.5349998 0.030375 -0.010959
4.5400000 0.030340 -0.010949
4.5450001 0.030307 -0.010941
4.5500002 0.030276 -0.010933
4.5599999 0.030220 -0.010920
